dis 18
als 12
lso 12
era 27
ing 33
the 14
edi 101
dis 134
dis 116
isk 116
ceo 84
sea 73
ean 73
and 154
ent 147
the 86
the 72
fil 45
ile 45
sys 126
yst 126
ste 126
tem 126
yth 113
the 108
the 94
the 22
for 54
ati 155
fil 81
fil 36
ile 81
ile 36
del 92
ele 92
let 92
ete 92
ted 92
edi 219
edi 118
int 189
thi 143
rem 77
ain 202
lly 170
sen 84
ent 231
ent 84
nti 234
ove 98
ten 248
ter 291
ent 267
ent 120
ent 36
nth 61
the 199
the 185
the 113
the 91
ope 244
per 244
era 244
era 217
rat 244
ati 244
ati 89
tin 244
ing 244
ing 211
ngs 244
gsy 244
sys 244
sys 118
yst 244
yst 118
ste 244
ste 118
tem 244
tem 118
use 157
the 223
the 209
the 137
the 115
the 24
hed 209
edi 310
edi 209
edi 91
dis 343
dis 325
dis 209
isk 325
isk 209
sks 209
ksp 209
spa 209
pac 209
ace 209
the 237
the 223
the 151
the 129
the 38
the 14
dco 357
com 357
omp 357
mpu 357
put 357
ute 357
ter 357
ter 66
ers 357
com 366
com 9
wit 35
ith 35
any 283
dis 406
dis 388
dis 272
dis 63
isk 388
isk 272
isk 63
sks 272
sks 63
ksp 272
ksp 63
spa 272
spa 63
pac 272
pac 63
ace 272
ace 63
ean 306
ean 233
and 387
and 233
ndr 233
dri 395
ing 340
ing 307
ing 96
mon 46
nth 172
nth 111
yth 319
yth 206
thi 319
thi 176
his 176
lat 132
ate 132
ter 423
ter 132
ter 66
ert 132
rti 132
tim 132
ime 132
ema 180
emo 262
mon 71
mon 25
ont 25
nth 197
nth 136
nth 25
sla 20
lat 152
lat 20
ate 152
ate 20
ter 443
ter 152
ter 86
ter 20
eve 107
ver 177
eve 111
eve 4
ven 111
ove 283
ove 185
ver 185
ver 8
erw 185
rwr 185
wri 185
rit 185
tin 398
tin 154
ing 398
ing 365
ing 154
ing 58
ngt 365
gth 365
the 365
the 351
the 279
the 257
the 166
the 142
the 128
rti 180
rti 48
tio 253
ion 253
ono 398
dis 495
dis 477
dis 361
dis 152
dis 89
isk 477
isk 361
isk 152
isk 89
sks 361
sks 152
sks 89
ace 363
ace 154
ace 91
ceo 447
ceo 363
eoc 363
occ 363
ccu 363
cup 363
upi 363
pie 363
ied 363
edb 363
dby 363
bya 363
yad 363
ade 363
del 363
del 271
ele 363
ele 271
let 363
let 271
ete 363
ete 271
ted 363
ted 271
edf 363
dfi 363
fil 363
fil 318
fil 282
ile 363
ile 318
ile 282
isi 109
sin 109
ins 264
ent 492
ent 345
ent 261
ent 225
nti 492
nti 258
tin 461
tin 217
tin 63
man 153
any 436
any 153
ase 443
ses 213
ete 397
ete 305
ete 34
ter 541
ter 250
ter 184
ter 118
ter 98
man 170
man 17
nof 73
the 450
the 436
the 364
the 342
the 251
the 227
the 213
the 85
ive 548
ver 286
ver 109
ver 101
ers 559
ers 202
ofa 88
and 559
and 405
and 172
ote 547
ace 455
ace 246
ace 183
ace 92
ele 442
ele 350
ele 79
rat 523
rat 279
ate 298
ate 166
ate 146
ted 445
ted 353
ted 82
per 532
per 288
ero 151
ont 186
ont 161
nth 358
nth 297
nth 186
nth 161
the 496
the 482
the 410
the 388
the 297
the 273
the 259
the 131
the 46
ere 150
rec 398
ove 431
ove 333
ove 148
ver 333
ver 156
ver 148
ver 47
yof 44
ove 438
ove 340
ove 155
ove 7
ver 340
ver 163
ver 155
ver 54
ver 7
erw 340
erw 155
rwr 340
rwr 155
wri 340
wri 155
rit 340
rit 155
itt 340
tte 340
ten 588
ten 340
nin 398
inf 409
nfo 409
for 463
for 409
orm 409
rma 409
mat 409
ati 564
ati 409
ati 320
tio 409
tio 156
ion 409
ion 156
fro 449
rom 449
omm 274
dis 660
dis 642
dis 526
dis 317
dis 254
dis 165
isk 642
isk 526
isk 317
isk 254
isk 165
sks 526
sks 317
sks 254
sks 165
are 629
rea 629
eal 629
als 629
als 617
sto 597
tor 450
ede 431
sit 104
iti 204
tte 399
tte 59
ten 647
ten 399
ten 59
her 89
ers 689
ers 332
ers 130
rsi 130
sin 286
sin 177
the 594
the 580
the 508
the 486
the 395
the 371
the 357
the 229
the 144
the 98
hen 399
ens 35
thi 605
thi 462
thi 286
his 462
his 286
ort 236
rec 509
rec 111
eco 111
cov 111
ove 542
ove 444
ove 259
ove 111
ove 104
ver 444
ver 267
ver 259
ver 158
ver 111
ver 104
ery 111
isl 302
lyt 312
bem 298
emo 560
emo 298
edi 718
edi 617
edi 499
edi 408
ffi 219
fic 219
whe 457
hen 457
hen 58
gut 215
utm 215
tma 215
man 385
man 232
man 215
ann 215
wro 190
rot 190
ote 737
ote 190
1 485
2 224
3 169
4 120
5 84
11 77
6 70
7 68
9 55
33 45
17 42
12 39
8 38
10 35
21 34
37 29
13 28
19 28
22 27
34 25
14 24
121 24
18 23
363 23
20 21
68 20
16 17
61 17
15 16
26 16
31 16
23 15
43 14
51 14
66 14
122 14
27 13
44 13
63 13
85 13
111 13
244 13
38 12
73 12
170 12
25 11
59 11
24 10
29 10
42 10
209 10
340 10
36 9
45 9
46 9
77 9
119 9
132 9
136 9
357 9
409 9
52 8
89 8
155 8
28 7
30 7
35 7
39 7
55 7
58 7
76 7
92 7
118 7
185 7
199 7
272 7
47 6
49 6
53 6
91 6
152 6
154 6
271 6
41 5
50 5
54 5
62 5
65 5
78 5
79 5
82 5
86 5
109 5
143 5
165 5
215 5
398 5
32 4
48 4
57 4
60 4
71 4
74 4
75 4
81 4
84 4
88 4
90 4
93 4
94 4
97 4
98 4
99 4
101 4
104 4
116 4
126 4
127 4
133 4
141 4
148 4
149 4
156 4
159 4
219 4
254 4
286 4
365 4
629 4
40 3
72 3
83 3
95 3
102 3
107 3
123 3
129 3
137 3
150 3
151 3
153 3
166 3
190 3
194 3
225 3
231 3
233 3
246 3
259 3
263 3
282 3
297 3
298 3
317 3
361 3
388 3
399 3
526 3
64 2
67 2
70 2
80 2
96 2
106 2
113 2
115 2
117 2
124 2
130 2
131 2
144 2
146 2
147 2
161 2
164 2
172 2
176 2
177 2
180 2
183 2
186 2
202 2
204 2
213 2
214 2
217 2
218 2
222 2
223 2
248 2
253 2
267 2
274 2
279 2
283 2
318 2
319 2
321 2
325 2
333 2
395 2
431 2
436 2
443 2
444 2
449 2
450 2
457 2
462 2
477 2
492 2
559 2
617 2
642 2
56 1
69 1
87 1
103 1
108 1
110 1
112 1
114 1
120 1
125 1
128 1
134 1
135 1
140 1
142 1
145 1
157 1
158 1
160 1
162 1
163 1
171 1
175 1
179 1
182 1
184 1
188 1
189 1
196 1
197 1
198 1
203 1
205 1
206 1
211 1
220 1
221 1
227 1
229 1
232 1
234 1
236 1
237 1
241 1
243 1
250 1
251 1
257 1
258 1
261 1
262 1
264 1
266 1
273 1
280 1
288 1
290 1
291 1
294 1
302 1
305 1
306 1
307 1
310 1
312 1
320 1
330 1
332 1
342 1
343 1
345 1
350 1
351 1
353 1
358 1
359 1
364 1
366 1
371 1
385 1
387 1
397 1
405 1
406 1
408 1
410 1
423 1
438 1
442 1
445 1
447 1
455 1
461 1
463 1
482 1
486 1
495 1
496 1
499 1
508 1
509 1
523 1
532 1
541 1
542 1
547 1
548 1
560 1
564 1
580 1
588 1
594 1
597 1
605 1
647 1
660 1
689 1
718 1
737 1
